[gd_scene load_steps=20 format=3 uid="uid://dkdinvtxg00hn"]

[ext_resource type="PackedScene" uid="uid://bjud1ebacs2h3" path="res://Player/Player.tscn" id="1_gp7fp"]

[sub_resource type="ProceduralSkyMaterial" id="ProceduralSkyMaterial_8tkbf"]
sky_top_color = Color(0, 0.478431, 0.701961, 1)
sky_horizon_color = Color(0.653922, 0.756863, 0.793137, 1)
sky_energy_multiplier = 1.45
ground_bottom_color = Color(0.615686, 0.54902, 0.470588, 1)
ground_horizon_color = Color(0.653922, 0.756863, 0.793137, 1)

[sub_resource type="Sky" id="Sky_wy14v"]
sky_material = SubResource("ProceduralSkyMaterial_8tkbf")

[sub_resource type="Environment" id="Environment_vp3ph"]
background_mode = 2
sky = SubResource("Sky_wy14v")
tonemap_mode = 2
glow_enabled = true

[sub_resource type="StandardMaterial3D" id="StandardMaterial3D_f4a3p"]
transparency = 1
albedo_color = Color(0.396078, 0.329412, 0, 1)

[sub_resource type="PlaneMesh" id="PlaneMesh_4k5dq"]
material = SubResource("StandardMaterial3D_f4a3p")
size = Vector2(2000, 2000)

[sub_resource type="StandardMaterial3D" id="StandardMaterial3D_5c1vs"]
transparency = 1
cull_mode = 2
albedo_color = Color(0, 0.356863, 1, 0.0784314)

[sub_resource type="PlaneMesh" id="PlaneMesh_v8ugm"]
material = SubResource("StandardMaterial3D_5c1vs")
size = Vector2(2000, 2000)

[sub_resource type="PhysicsMaterial" id="PhysicsMaterial_tfkm3"]
bounce = 0.75

[sub_resource type="WorldBoundaryShape3D" id="WorldBoundaryShape3D_ydkrp"]

[sub_resource type="StandardMaterial3D" id="StandardMaterial3D_sgrkq"]
albedo_color = Color(0.396078, 0.396078, 0.396078, 1)

[sub_resource type="BoxMesh" id="BoxMesh_rnap3"]
material = SubResource("StandardMaterial3D_sgrkq")
size = Vector3(100, 100, 100)

[sub_resource type="BoxShape3D" id="BoxShape3D_3lcfp"]
size = Vector3(100, 100, 100)

[sub_resource type="BoxMesh" id="BoxMesh_5togo"]
material = SubResource("StandardMaterial3D_sgrkq")
size = Vector3(200, 200, 200)

[sub_resource type="BoxShape3D" id="BoxShape3D_xjeii"]
size = Vector3(200, 200, 200)

[sub_resource type="BoxMesh" id="BoxMesh_wbige"]
material = SubResource("StandardMaterial3D_sgrkq")
size = Vector3(300, 300, 300)

[sub_resource type="BoxShape3D" id="BoxShape3D_s8smf"]
size = Vector3(300, 300, 300)

[sub_resource type="BoxShape3D" id="BoxShape3D_euw3x"]
size = Vector3(2000, 100, 1)

[sub_resource type="Curve3D" id="Curve3D_gl5j7"]
_data = {
"points": PackedVector3Array(0, 0, 0, 0, 0, 0, 0, 0, 0, 0, 0, 0, 0, 0, 0, 1.16333, 0, -79.1081, 0, 0, 0, 0, 0, 0, 30.2472, 0, -181.483, 0, 0, 0, 0, 0, 0, 138.439, 0, -288.512, 0, 0, 0, 0, 0, 0, 296.655, 0, -321.086, 0, 0, 0, 0, 0, 0, 472.322, 0, -283.858, 0, 0, 0, 0, 0, 0, 594.474, 0, -157.053, 0, 0, 0, 0, 0, 0, 677.072, 0, 33.7372, 0, 0, 0, 0, 0, 0, 692.196, 0, 174.503, 0, 0, 0, 0, 0, 0, 675.909, 0, 312.942, 0, 0, 0, 0, 0, 0, 636.355, 0, 445.565, 0, 0, 0, 0, 0, 0, 592.147, 0, 545.613, 0, 0, 0, 0, 0, 0, 497.916, 0, 601.454, 0, 0, 0, 0, 0, 0, 422.298, 0, 582.841, 0, 0, 0, 0, 0, 0, 351.333, 0, 530.49, 0, 0, 0, 0, 0, 0, 350.17, 0, 469.995, 0, 0, 0, 0, 0, 0, 338.536, 0, 401.357, 0, 0, 0, 0, 0, 0, 298.982, 0, 353.66, 0, 0, 0, 0, 0, 0, 251.285, 0, 336.209, 0, 0, 0, 0, 0, 0, 104.702, 0, 352.496, 0, 0, 0, 0, 0, 0, -26.7572, 0, 457.198, 0, 0, 0, 0, 0, 0, -50.0243, 0, 528.163, 0, 0, 0, 0, 0, 0, -104.702, 0, 579.35, 0, 0, 0, 0, 0, 0, -172.176, 0, 593.311, 0, 0, 0, 0, 0, 0, -244.304, 0, 588.657, 0, 0, 0, 0, 0, 0, -343.19, 0, 549.103, 0, 0, 0, 0, 0, 0, -392.05, 0, 465.342, 0, 0, 0, 0, 0, 0, -424.624, 0, 381.58, 0, 0, 0, 0, 0, 0, -495.589, 0, 272.225, 0, 0, 0, 0, 0, 0, -545.613, 0, 201.26, 0, 0, 0, 0, 0, 0, -572.37, 0, 95.395, 0, 0, 0, 0, 0, 0, -604.944, 0, -34.9006, 0, 0, 0, 0, 0, 0, -617.741, 0, -173.34, 0, 0, 0, 0, 0, 0, -600.291, 0, -297.819, 0, 0, 0, 0, 0, 0, -581.677, 0, -411.827, 0, 0, 0, 0, 0, 0, -537.47, 0, -515.366, 0, 0, 0, 0, 0, 0, -465.342, 0, -551.43, 0, 0, 0, 0, 0, 0, -372.273, 0, -540.96, 0, 0, 0, 0, 0, 0, -342.026, 0, -497.916, 0, 0, 0, 0, 0, 0, -315.269, 0, -418.808, 0, 0, 0, 0, 0, 0, -315.269, 0, -343.19, 0, 0, 0, 0, 0, 0, -336.209, 0, -271.062, 0, 0, 0, 0, 0, 0, -351.333, 0, -157.053, 0, 0, 0, 0, 0, 0, -354.823, 0, -15.1236, 0, 0, 0, 0, 0, 0, -307.126, 0, 77.9448, 0, 0, 0, 0, 0, 0, -257.101, 0, 154.726, 0, 0, 0, 0, 0, 0, -201.26, 0, 175.666, 0, 0, 0, 0, 0, 0, -77.9447, 0, 204.75, 0, 0, 0, 0, 0, 0, -10.4702, 0, 181.483, 0, 0, 0, 0, 0, 0, -1.16333, 0, 126.806, 0, 0, 0, 0, 0, 0, 2.32666, 0, 55.841, 0, 0, 0, 0, 0, 0, 0, 0, 0),
"tilts": PackedFloat32Array(0, 0, 0, 0, 0, 0, 0, 0, 0, 0, 0, 0, 0, 0, 0, 0, 0, 0, 0, 0, 0, 0, 0, 0, 0, 0, 0, 0, 0, 0, 0, 0, 0, 0, 0, 0, 0, 0, 0, 0, 0, 0, 0, 0, 0, 0, 0, 0, 0, 0, 0, 0)
}
point_count = 52

[node name="Game" type="Node"]

[node name="Camera3D" type="Camera3D" parent="."]
transform = Transform3D(0.944376, -0.154394, 0.290372, 0, 0.882948, 0.469472, -0.328867, -0.443358, 0.833835, 6, 18, 30)
current = true

[node name="Player" parent="." instance=ExtResource("1_gp7fp")]
transform = Transform3D(1, 0, 0, 0, 1, 0, 0, 0, 1, 0, 20, 0)
mass = 100.0
linear_damp = 1.0

[node name="World" type="Node3D" parent="."]
metadata/_edit_lock_ = true

[node name="Sun" type="DirectionalLight3D" parent="World"]
transform = Transform3D(-0.190809, -0.981627, -4.29083e-08, 0, -4.37114e-08, 1, -0.981627, 0.190809, 8.34053e-09, 0, 0, 0)
light_color = Color(1, 1, 0.894118, 1)
shadow_enabled = true

[node name="WorldEnvironment" type="WorldEnvironment" parent="World"]
environment = SubResource("Environment_vp3ph")

[node name="GroundMesh" type="MeshInstance3D" parent="World"]
transform = Transform3D(1, 0, 0, 0, 1, 0, 0, 0, 1, 0, -20, 0)
mesh = SubResource("PlaneMesh_4k5dq")
skeleton = NodePath("")

[node name="Water" type="Node3D" parent="World"]

[node name="WaterMesh" type="MeshInstance3D" parent="World/Water"]
mesh = SubResource("PlaneMesh_v8ugm")
skeleton = NodePath("")

[node name="WaterMesh2" type="MeshInstance3D" parent="World/Water"]
transform = Transform3D(1, 0, 0, 0, 1, 0, 0, 0, 1, 0, -0.2, 0)
mesh = SubResource("PlaneMesh_v8ugm")
skeleton = NodePath("")

[node name="WaterMesh3" type="MeshInstance3D" parent="World/Water"]
transform = Transform3D(1, 0, 0, 0, 1, 0, 0, 0, 1, 0, -0.4, 0)
mesh = SubResource("PlaneMesh_v8ugm")
skeleton = NodePath("")

[node name="WaterMesh4" type="MeshInstance3D" parent="World/Water"]
transform = Transform3D(1, 0, 0, 0, 1, 0, 0, 0, 1, 0, -0.6, 0)
mesh = SubResource("PlaneMesh_v8ugm")
skeleton = NodePath("")

[node name="WaterMesh5" type="MeshInstance3D" parent="World/Water"]
transform = Transform3D(1, 0, 0, 0, 1, 0, 0, 0, 1, 0, -0.8, 0)
mesh = SubResource("PlaneMesh_v8ugm")
skeleton = NodePath("")

[node name="WaterMesh6" type="MeshInstance3D" parent="World/Water"]
transform = Transform3D(1, 0, 0, 0, 1, 0, 0, 0, 1, -0.02281, -0.999999, 0.00484085)
mesh = SubResource("PlaneMesh_v8ugm")
skeleton = NodePath("../WaterBase")

[node name="WaterBase" type="StaticBody3D" parent="World/Water"]
transform = Transform3D(1, 0, 0, 0, 1, 0, 0, 0, 1, 0, -1, 0)
collision_layer = 2
collision_mask = 2
physics_material_override = SubResource("PhysicsMaterial_tfkm3")

[node name="Collider" type="CollisionShape3D" parent="World/Water/WaterBase"]
shape = SubResource("WorldBoundaryShape3D_ydkrp")

[node name="Obstacles" type="Node3D" parent="World"]

[node name="TerrainObject" type="StaticBody3D" parent="World/Obstacles"]
transform = Transform3D(0.707107, 0.707107, 0, -0.5, 0.5, -0.707107, -0.5, 0.5, 0.707107, -150, -12, 0)
metadata/_edit_group_ = true

[node name="TerrainMesh" type="MeshInstance3D" parent="World/Obstacles/TerrainObject"]
mesh = SubResource("BoxMesh_rnap3")
skeleton = NodePath("../../..")

[node name="CollisionShape3D" type="CollisionShape3D" parent="World/Obstacles/TerrainObject"]
shape = SubResource("BoxShape3D_3lcfp")

[node name="TerrainObject2" type="StaticBody3D" parent="World/Obstacles"]
transform = Transform3D(0.707107, 0.707107, 0, -0.5, 0.5, -0.707107, -0.5, 0.5, 0.707107, -144, -12, -485)
metadata/_edit_group_ = true

[node name="TerrainMesh" type="MeshInstance3D" parent="World/Obstacles/TerrainObject2"]
mesh = SubResource("BoxMesh_rnap3")
skeleton = NodePath("../../..")

[node name="CollisionShape3D" type="CollisionShape3D" parent="World/Obstacles/TerrainObject2"]
shape = SubResource("BoxShape3D_3lcfp")

[node name="TerrainObject3" type="StaticBody3D" parent="World/Obstacles"]
transform = Transform3D(0.707107, 0.707107, 0, -0.707107, 0.707107, 0, 0, 0, 1, -144, -12, -75.9105)
metadata/_edit_group_ = true

[node name="TerrainMesh" type="MeshInstance3D" parent="World/Obstacles/TerrainObject3"]
mesh = SubResource("BoxMesh_rnap3")
skeleton = NodePath("../../..")

[node name="CollisionShape3D" type="CollisionShape3D" parent="World/Obstacles/TerrainObject3"]
shape = SubResource("BoxShape3D_3lcfp")

[node name="TerrainObject28" type="StaticBody3D" parent="World/Obstacles"]
transform = Transform3D(0, 1, 0, -1, 0, 0, 0, 0, 1, 170, -12, 530.089)
metadata/_edit_group_ = true

[node name="TerrainMesh" type="MeshInstance3D" parent="World/Obstacles/TerrainObject28"]
mesh = SubResource("BoxMesh_rnap3")
skeleton = NodePath("../../..")

[node name="CollisionShape3D" type="CollisionShape3D" parent="World/Obstacles/TerrainObject28"]
shape = SubResource("BoxShape3D_3lcfp")

[node name="TerrainObject30" type="StaticBody3D" parent="World/Obstacles"]
transform = Transform3D(0, 1, 0, -1, 0, 0, 0, 0, 1, 170, -12, 631.089)
metadata/_edit_group_ = true

[node name="TerrainMesh" type="MeshInstance3D" parent="World/Obstacles/TerrainObject30"]
mesh = SubResource("BoxMesh_rnap3")
skeleton = NodePath("../../..")

[node name="CollisionShape3D" type="CollisionShape3D" parent="World/Obstacles/TerrainObject30"]
shape = SubResource("BoxShape3D_3lcfp")

[node name="TerrainObject31" type="StaticBody3D" parent="World/Obstacles"]
transform = Transform3D(0, 1, 0, -1, 0, 0, 0, 0, 1, 170, -12, 731.089)
metadata/_edit_group_ = true

[node name="TerrainMesh" type="MeshInstance3D" parent="World/Obstacles/TerrainObject31"]
mesh = SubResource("BoxMesh_rnap3")
skeleton = NodePath("../../..")

[node name="CollisionShape3D" type="CollisionShape3D" parent="World/Obstacles/TerrainObject31"]
shape = SubResource("BoxShape3D_3lcfp")

[node name="TerrainObject29" type="StaticBody3D" parent="World/Obstacles"]
transform = Transform3D(0, 0.707107, 0.707107, -1, 0, 0, 0, -0.707107, 0.707107, 170, -42, 486.089)
metadata/_edit_group_ = true

[node name="TerrainMesh" type="MeshInstance3D" parent="World/Obstacles/TerrainObject29"]
mesh = SubResource("BoxMesh_rnap3")
skeleton = NodePath("../../..")

[node name="CollisionShape3D" type="CollisionShape3D" parent="World/Obstacles/TerrainObject29"]
shape = SubResource("BoxShape3D_3lcfp")

[node name="TerrainObject4" type="StaticBody3D" parent="World/Obstacles"]
transform = Transform3D(0.707107, 0.707107, 0, -0.707107, 0.707107, 0, 0, 0, 1, -144, -12, -171.91)
metadata/_edit_group_ = true

[node name="TerrainMesh" type="MeshInstance3D" parent="World/Obstacles/TerrainObject4"]
mesh = SubResource("BoxMesh_rnap3")
skeleton = NodePath("../../..")

[node name="CollisionShape3D" type="CollisionShape3D" parent="World/Obstacles/TerrainObject4"]
shape = SubResource("BoxShape3D_3lcfp")

[node name="TerrainObject5" type="StaticBody3D" parent="World/Obstacles"]
transform = Transform3D(0.707107, 0.707107, 0, -0.707107, 0.707107, 0, 0, 0, 1, -144, -12, -267.91)
metadata/_edit_group_ = true

[node name="TerrainMesh" type="MeshInstance3D" parent="World/Obstacles/TerrainObject5"]
mesh = SubResource("BoxMesh_rnap3")
skeleton = NodePath("../../..")

[node name="CollisionShape3D" type="CollisionShape3D" parent="World/Obstacles/TerrainObject5"]
shape = SubResource("BoxShape3D_3lcfp")

[node name="TerrainObject6" type="StaticBody3D" parent="World/Obstacles"]
transform = Transform3D(0.707107, 0.707107, 0, -0.707107, 0.707107, 0, 0, 0, 1, -144, -12, -353.91)
metadata/_edit_group_ = true

[node name="TerrainMesh" type="MeshInstance3D" parent="World/Obstacles/TerrainObject6"]
mesh = SubResource("BoxMesh_rnap3")
skeleton = NodePath("../../..")

[node name="CollisionShape3D" type="CollisionShape3D" parent="World/Obstacles/TerrainObject6"]
shape = SubResource("BoxShape3D_3lcfp")

[node name="TerrainObject8" type="StaticBody3D" parent="World/Obstacles"]
transform = Transform3D(0.353553, 0.353553, 0.866025, -0.707107, 0.707107, 0, -0.612372, -0.612372, 0.5, -457, -12, -397.91)
metadata/_edit_group_ = true

[node name="TerrainMesh" type="MeshInstance3D" parent="World/Obstacles/TerrainObject8"]
mesh = SubResource("BoxMesh_rnap3")
skeleton = NodePath("../../..")

[node name="CollisionShape3D" type="CollisionShape3D" parent="World/Obstacles/TerrainObject8"]
shape = SubResource("BoxShape3D_3lcfp")

[node name="TerrainObject9" type="StaticBody3D" parent="World/Obstacles"]
transform = Transform3D(0.789149, -0.435596, 0.433013, -0.0473672, 0.659739, 0.75, -0.612372, -0.612372, 0.5, -457, -12, -303.91)
metadata/_edit_group_ = true

[node name="TerrainMesh" type="MeshInstance3D" parent="World/Obstacles/TerrainObject9"]
mesh = SubResource("BoxMesh_rnap3")
skeleton = NodePath("../../..")

[node name="CollisionShape3D" type="CollisionShape3D" parent="World/Obstacles/TerrainObject9"]
shape = SubResource("BoxShape3D_3lcfp")

[node name="TerrainObject10" type="StaticBody3D" parent="World/Obstacles"]
transform = Transform3D(0.377237, -0.683423, 0.625, 0.19363, 0.718149, 0.668408, -0.905649, -0.13113, 0.403243, -484, -12, -178.91)
metadata/_edit_group_ = true

[node name="TerrainMesh" type="MeshInstance3D" parent="World/Obstacles/TerrainObject10"]
mesh = SubResource("BoxMesh_rnap3")
skeleton = NodePath("../../..")

[node name="CollisionShape3D" type="CollisionShape3D" parent="World/Obstacles/TerrainObject10"]
shape = SubResource("BoxShape3D_3lcfp")

[node name="TerrainObject11" type="StaticBody3D" parent="World/Obstacles"]
transform = Transform3D(0.779521, -0.526297, 0.339644, 0.19363, 0.718149, 0.668408, -0.595696, -0.455273, 0.661719, -484, -12, -72.9105)
metadata/_edit_group_ = true

[node name="TerrainMesh" type="MeshInstance3D" parent="World/Obstacles/TerrainObject11"]
mesh = SubResource("BoxMesh_rnap3")
skeleton = NodePath("../../..")

[node name="CollisionShape3D" type="CollisionShape3D" parent="World/Obstacles/TerrainObject11"]
shape = SubResource("BoxShape3D_3lcfp")

[node name="TerrainObject12" type="StaticBody3D" parent="World/Obstacles"]
transform = Transform3D(0.377237, -0.683423, 0.625, 0.19363, 0.718149, 0.668408, -0.905649, -0.13113, 0.403243, -465, -12, 44.0895)
metadata/_edit_group_ = true

[node name="TerrainMesh" type="MeshInstance3D" parent="World/Obstacles/TerrainObject12"]
mesh = SubResource("BoxMesh_rnap3")
skeleton = NodePath("../../..")

[node name="CollisionShape3D" type="CollisionShape3D" parent="World/Obstacles/TerrainObject12"]
shape = SubResource("BoxShape3D_3lcfp")

[node name="TerrainObject18" type="StaticBody3D" parent="World/Obstacles"]
transform = Transform3D(-0.126128, -0.657427, 0.742887, 0.19363, 0.718149, 0.668408, -0.972934, 0.22815, 0.036719, -417, -12, 157.09)
metadata/_edit_group_ = true

[node name="TerrainMesh" type="MeshInstance3D" parent="World/Obstacles/TerrainObject18"]
mesh = SubResource("BoxMesh_rnap3")
skeleton = NodePath("../../..")

[node name="CollisionShape3D" type="CollisionShape3D" parent="World/Obstacles/TerrainObject18"]
shape = SubResource("BoxShape3D_3lcfp")

[node name="TerrainObject19" type="StaticBody3D" parent="World/Obstacles"]
transform = Transform3D(-0.777154, -0.303544, 0.551265, 0.19363, 0.718149, 0.668408, -0.598782, 0.626197, -0.499337, -356, -12, 241.09)
metadata/_edit_group_ = true

[node name="TerrainMesh" type="MeshInstance3D" parent="World/Obstacles/TerrainObject19"]
mesh = SubResource("BoxMesh_rnap3")
skeleton = NodePath("../../..")

[node name="CollisionShape3D" type="CollisionShape3D" parent="World/Obstacles/TerrainObject19"]
shape = SubResource("BoxShape3D_3lcfp")

[node name="TerrainObject22" type="StaticBody3D" parent="World/Obstacles"]
transform = Transform3D(-0.700558, -0.107331, 0.705478, 0.529923, 0.583856, 0.615055, -0.477912, 0.804731, -0.352148, -35, -21, 325.09)
metadata/_edit_group_ = true

[node name="TerrainMesh" type="MeshInstance3D" parent="World/Obstacles/TerrainObject22"]
mesh = SubResource("BoxMesh_rnap3")
skeleton = NodePath("../../..")

[node name="CollisionShape3D" type="CollisionShape3D" parent="World/Obstacles/TerrainObject22"]
shape = SubResource("BoxShape3D_3lcfp")

[node name="TerrainObject23" type="StaticBody3D" parent="World/Obstacles"]
transform = Transform3D(-0.845657, 0.309414, 0.434888, 0.529923, 0.583856, 0.615055, -0.0636055, 0.750583, -0.657708, 47, -21, 268.09)
metadata/_edit_group_ = true

[node name="TerrainMesh" type="MeshInstance3D" parent="World/Obstacles/TerrainObject23"]
mesh = SubResource("BoxMesh_rnap3")
skeleton = NodePath("../../..")

[node name="CollisionShape3D" type="CollisionShape3D" parent="World/Obstacles/TerrainObject23"]
shape = SubResource("BoxShape3D_3lcfp")

[node name="TerrainObject24" type="StaticBody3D" parent="World/Obstacles"]
transform = Transform3D(-0.700558, -0.107331, 0.705478, 0.529923, 0.583856, 0.615055, -0.477912, 0.804731, -0.352148, 144, -21, 205.09)
metadata/_edit_group_ = true

[node name="TerrainMesh" type="MeshInstance3D" parent="World/Obstacles/TerrainObject24"]
mesh = SubResource("BoxMesh_rnap3")
skeleton = NodePath("../../..")

[node name="CollisionShape3D" type="CollisionShape3D" parent="World/Obstacles/TerrainObject24"]
shape = SubResource("BoxShape3D_3lcfp")

[node name="TerrainObject20" type="StaticBody3D" parent="World/Obstacles"]
transform = Transform3D(-0.126128, -0.657427, 0.742887, 0.438846, 0.634629, 0.636129, -0.889666, 0.406246, 0.208465, -214, -12, 382.09)
metadata/_edit_group_ = true

[node name="TerrainMesh" type="MeshInstance3D" parent="World/Obstacles/TerrainObject20"]
mesh = SubResource("BoxMesh_5togo")
skeleton = NodePath("../../..")

[node name="CollisionShape3D" type="CollisionShape3D" parent="World/Obstacles/TerrainObject20"]
transform = Transform3D(1, 1.49012e-08, -3.72529e-09, 0, 1, -6.51926e-09, 1.11759e-08, 1.95578e-08, 1, 0, 0, 0)
shape = SubResource("BoxShape3D_xjeii")

[node name="TerrainObject27" type="StaticBody3D" parent="World/Obstacles"]
transform = Transform3D(-0.126128, -0.657427, 0.742887, 0.438846, 0.634629, 0.636129, -0.889667, 0.406246, 0.208465, 290, -48, -150.91)
metadata/_edit_group_ = true

[node name="TerrainMesh" type="MeshInstance3D" parent="World/Obstacles/TerrainObject27"]
mesh = SubResource("BoxMesh_5togo")
skeleton = NodePath("../../..")

[node name="CollisionShape3D" type="CollisionShape3D" parent="World/Obstacles/TerrainObject27"]
transform = Transform3D(1, 1.49012e-08, -3.72529e-09, 0, 1, -6.51926e-09, 1.11759e-08, 1.95578e-08, 1, 0, 0, 0)
shape = SubResource("BoxShape3D_xjeii")

[node name="TerrainObject21" type="StaticBody3D" parent="World/Obstacles"]
transform = Transform3D(-0.352093, -0.529881, 0.771529, 0.438846, 0.634629, 0.636129, -0.826708, 0.562559, 0.00908788, 490, -84, 281.09)
metadata/_edit_group_ = true

[node name="TerrainMesh" type="MeshInstance3D" parent="World/Obstacles/TerrainObject21"]
mesh = SubResource("BoxMesh_5togo")
skeleton = NodePath("../../..")

[node name="CollisionShape3D" type="CollisionShape3D" parent="World/Obstacles/TerrainObject21"]
transform = Transform3D(1, 1.49012e-08, -3.72529e-09, 0, 1, -6.51926e-09, 1.11759e-08, 1.95578e-08, 1, 0, 0, 0)
shape = SubResource("BoxShape3D_xjeii")

[node name="TerrainObject25" type="StaticBody3D" parent="World/Obstacles"]
transform = Transform3D(-0.352093, -0.529881, 0.771529, 0.438846, 0.634629, 0.636129, -0.826708, 0.562559, 0.00908788, 389, -84, 52.0895)
metadata/_edit_group_ = true

[node name="TerrainMesh" type="MeshInstance3D" parent="World/Obstacles/TerrainObject25"]
mesh = SubResource("BoxMesh_wbige")
skeleton = NodePath("../../..")

[node name="CollisionShape3D" type="CollisionShape3D" parent="World/Obstacles/TerrainObject25"]
transform = Transform3D(1, 1.49012e-08, -3.72529e-09, 0, 1, -6.51926e-09, 1.11759e-08, 1.95578e-08, 1, 0, 0, 0)
shape = SubResource("BoxShape3D_s8smf")

[node name="TerrainObject32" type="StaticBody3D" parent="World/Obstacles"]
transform = Transform3D(-0.352093, -0.529881, 0.771529, 0.438846, 0.634629, 0.636129, -0.826708, 0.562559, 0.00908788, 140, -84, 895.089)
metadata/_edit_group_ = true

[node name="TerrainMesh" type="MeshInstance3D" parent="World/Obstacles/TerrainObject32"]
mesh = SubResource("BoxMesh_wbige")
skeleton = NodePath("../../..")

[node name="CollisionShape3D" type="CollisionShape3D" parent="World/Obstacles/TerrainObject32"]
transform = Transform3D(1, 1.49012e-08, -3.72529e-09, 0, 1, -6.51926e-09, 1.11759e-08, 1.95578e-08, 1, 0, 0, 0)
shape = SubResource("BoxShape3D_s8smf")

[node name="TerrainObject26" type="StaticBody3D" parent="World/Obstacles"]
transform = Transform3D(-0.891996, 0.222249, 0.393635, 0.438846, 0.634629, 0.636129, -0.108433, 0.74017, -0.66362, 256, -84, 97.0895)
metadata/_edit_group_ = true

[node name="TerrainMesh" type="MeshInstance3D" parent="World/Obstacles/TerrainObject26"]
mesh = SubResource("BoxMesh_wbige")
skeleton = NodePath("../../..")

[node name="CollisionShape3D" type="CollisionShape3D" parent="World/Obstacles/TerrainObject26"]
transform = Transform3D(1, 1.49012e-08, -3.72529e-09, 0, 1, -6.51926e-09, 1.11759e-08, 1.95578e-08, 1, 0, 0, 0)
shape = SubResource("BoxShape3D_s8smf")

[node name="TerrainObject7" type="StaticBody3D" parent="World/Obstacles"]
transform = Transform3D(0.707107, 0.707107, 0, -0.707107, 0.707107, 0, 0, 0, 1, -144, -12, -441.91)
metadata/_edit_group_ = true

[node name="TerrainMesh" type="MeshInstance3D" parent="World/Obstacles/TerrainObject7"]
mesh = SubResource("BoxMesh_rnap3")
skeleton = NodePath("../../..")

[node name="CollisionShape3D" type="CollisionShape3D" parent="World/Obstacles/TerrainObject7"]
shape = SubResource("BoxShape3D_3lcfp")

[node name="TerrainObject13" type="StaticBody3D" parent="World/Obstacles"]
transform = Transform3D(0.707107, 0.707107, 0, -0.707107, 0.707107, 0, 0, 0, 1, -140, -61, -591.911)
metadata/_edit_group_ = true

[node name="TerrainMesh" type="MeshInstance3D" parent="World/Obstacles/TerrainObject13"]
mesh = SubResource("BoxMesh_rnap3")
skeleton = NodePath("../../..")

[node name="CollisionShape3D" type="CollisionShape3D" parent="World/Obstacles/TerrainObject13"]
shape = SubResource("BoxShape3D_3lcfp")

[node name="TerrainObject14" type="StaticBody3D" parent="World/Obstacles"]
transform = Transform3D(0.707107, 0.707107, 0, -0.707107, 0.707107, 0, 0, 0, 1, -140, -61, -691.911)
metadata/_edit_group_ = true

[node name="TerrainMesh" type="MeshInstance3D" parent="World/Obstacles/TerrainObject14"]
mesh = SubResource("BoxMesh_rnap3")
skeleton = NodePath("../../..")

[node name="CollisionShape3D" type="CollisionShape3D" parent="World/Obstacles/TerrainObject14"]
shape = SubResource("BoxShape3D_3lcfp")

[node name="TerrainObject15" type="StaticBody3D" parent="World/Obstacles"]
transform = Transform3D(0.707107, 0.707107, 0, -0.707107, 0.707107, 0, 0, 0, 1, -140, -61, -789.911)
metadata/_edit_group_ = true

[node name="TerrainMesh" type="MeshInstance3D" parent="World/Obstacles/TerrainObject15"]
mesh = SubResource("BoxMesh_rnap3")
skeleton = NodePath("../../..")

[node name="CollisionShape3D" type="CollisionShape3D" parent="World/Obstacles/TerrainObject15"]
shape = SubResource("BoxShape3D_3lcfp")

[node name="TerrainObject16" type="StaticBody3D" parent="World/Obstacles"]
transform = Transform3D(0.707107, 0.707107, 0, -0.707107, 0.707107, 0, 0, 0, 1, -140, -61, -888.911)
metadata/_edit_group_ = true

[node name="TerrainMesh" type="MeshInstance3D" parent="World/Obstacles/TerrainObject16"]
mesh = SubResource("BoxMesh_rnap3")
skeleton = NodePath("../../..")

[node name="CollisionShape3D" type="CollisionShape3D" parent="World/Obstacles/TerrainObject16"]
shape = SubResource("BoxShape3D_3lcfp")

[node name="TerrainObject17" type="StaticBody3D" parent="World/Obstacles"]
transform = Transform3D(0.707107, 0.707107, 0, -0.707107, 0.707107, 0, 0, 0, 1, -140, -61, -987.911)
metadata/_edit_group_ = true

[node name="TerrainMesh" type="MeshInstance3D" parent="World/Obstacles/TerrainObject17"]
mesh = SubResource("BoxMesh_rnap3")
skeleton = NodePath("../../..")

[node name="CollisionShape3D" type="CollisionShape3D" parent="World/Obstacles/TerrainObject17"]
shape = SubResource("BoxShape3D_3lcfp")

[node name="WorldBoundaries" type="StaticBody3D" parent="World"]

[node name="CollisionShape3D" type="CollisionShape3D" parent="World/WorldBoundaries"]
transform = Transform3D(1, 0, 0, 0, 1, 0, 0, 0, 1, 0, 0, -1000)
shape = SubResource("BoxShape3D_euw3x")

[node name="CollisionShape3D2" type="CollisionShape3D" parent="World/WorldBoundaries"]
transform = Transform3D(1, 0, 0, 0, 1, 0, 0, 0, 1, 0, 0, 1000)
shape = SubResource("BoxShape3D_euw3x")

[node name="CollisionShape3D3" type="CollisionShape3D" parent="World/WorldBoundaries"]
transform = Transform3D(-4.37114e-08, 0, 1, 0, 1, 0, -1, 0, -4.37114e-08, -1000, 0, 0)
shape = SubResource("BoxShape3D_euw3x")

[node name="CollisionShape3D4" type="CollisionShape3D" parent="World/WorldBoundaries"]
transform = Transform3D(-4.37114e-08, 0, 1, 0, 1, 0, -1, 0, -4.37114e-08, 1000, 0, 0)
shape = SubResource("BoxShape3D_euw3x")

[node name="Race Path" type="Path3D" parent="."]
curve = SubResource("Curve3D_gl5j7")

[node name="Race Visualization" type="CSGPolygon3D" parent="."]
visible = false
polygon = PackedVector2Array(-4, -2, -4, 2, 4, 2, 4, -2)
mode = 2
path_node = NodePath("../Race Path")
path_interval_type = 0
path_interval = 1.0
path_simplify_angle = 4.2
path_rotation = 2
path_local = false
path_continuous_u = true
path_u_distance = 1.0
path_joined = false
